length,reward,score
56,16,16
34,9,9
67,19,19
67,21,21
66,20,20
68,20,20
41,11,11
66,17,17
43,8,8
66,19,19
48,12,12
69,17,17
57,14,14
64,21,21
27,6,6
70,17,17
44,10,10
67,17,17
68,16,16
38,10,10
71,14,14
69,16,16
57,13,13
54,14,14
34,10,10
71,19,19
48,12,12
68,13,13
65,19,19
51,15,15
45,12,12
61,17,17
56,17,17
44,10,10
69,20,20
66,20,20
67,21,21
66,17,17
56,16,16
49,15,15
55,17,17
67,16,16
66,15,15
54,13,13
64,17,17
63,15,15
44,10,10
30,8,8
67,21,21
41,11,11
66,20,20
43,11,11
52,10,10
61,18,18
31,8,8
61,16,16
69,13,13
57,15,15
38,7,7
32,8,8
38,7,7
60,13,13
68,19,19
60,15,15
32,8,8
68,20,20
67,13,13
55,16,16
62,16,16
44,12,12
65,21,21
54,14,14
46,14,14
37,11,11
52,12,12
65,24,24
31,7,7
64,17,17
64,17,17
68,22,22
69,17,17
52,13,13
64,15,15
67,16,16
68,19,19
68,20,20
67,20,20
59,15,15
69,16,16
60,15,15
30,8,8
38,11,11
64,14,14
37,13,13
66,19,19
35,11,11
68,18,18
39,11,11
45,9,9
52,12,12
67,21,21
68,21,21
54,16,16
68,21,21
60,17,17
71,16,16
67,13,13
29,9,9
32,10,10
55,14,14
44,10,10
67,20,20
70,16,16
53,10,10
42,8,8
71,19,19
68,17,17
68,16,16
67,14,14
34,9,9
51,11,11
68,20,20
39,11,11
69,18,18
35,9,9
39,8,8
39,9,9
63,14,14
67,20,20
50,14,14
69,19,19
66,20,20
39,11,11
67,17,17
62,19,19
35,9,9
52,15,15
54,14,14
66,17,17
66,22,22
67,17,17
68,18,18
52,11,11
69,18,18
55,15,15
68,18,18
46,12,12
53,11,11
63,16,16
37,11,11
72,16,16
29,9,9
38,12,12
43,12,12
22,6,6
29,9,9
67,22,22
38,8,8
59,13,13
61,18,18
67,16,16
54,16,16
34,10,10
40,10,10
43,12,12
41,10,10
66,17,17
61,10,10
48,14,14
34,6,6
44,12,12
63,19,19
67,15,15
66,17,17
53,12,12
61,17,17
68,18,18
63,18,18
67,13,13
39,11,11
40,10,10
66,15,15
54,15,15
67,18,18
62,16,16
68,19,19
64,15,15
53,16,16
38,10,10
68,19,19
56,16,16
69,18,18
58,18,18
34,7,7
58,18,18
65,22,22
64,17,17
67,19,19
40,10,10
62,17,17
39,8,8
34,9,9
58,10,10
68,20,20
65,20,20
68,21,21
41,10,10
69,18,18
71,19,19
66,21,21
45,11,11
26,7,7
68,18,18
53,15,15
45,11,11
65,22,22
67,19,19
46,14,14
61,17,17
46,12,12
59,16,16
25,7,7
47,13,13
68,20,20
55,14,14
55,15,15
66,20,20
24,6,6
69,17,17
66,21,21
67,20,20
41,10,10
49,12,12
39,13,13
37,9,9
64,16,16
54,16,16
39,10,10
45,11,11
53,12,12
55,13,13
67,21,21
38,6,6
47,14,14
63,19,19
46,12,12
66,20,20
50,16,16
67,19,19
25,9,9
48,12,12
50,14,14
65,19,19
64,19,19
68,17,17
68,15,15
44,11,11
70,17,17
67,18,18
68,18,18
62,17,17
42,10,10
67,20,20
67,21,21
49,12,12
71,17,17
43,10,10
66,20,20
41,13,13
62,18,18
58,15,15
69,21,21
61,14,14
53,13,13
68,15,15
59,14,14
66,20,20
52,15,15
57,17,17
36,10,10
55,15,15
71,19,19
71,17,17
39,11,11
68,19,19
63,18,18
68,20,20
43,9,9
40,10,10
66,17,17
67,21,21
68,20,20
68,14,14
28,6,6
66,22,22
70,13,13
64,15,15
43,9,9
58,16,16
49,15,15
63,15,15
68,18,18
69,17,17
66,19,19
43,10,10
66,19,19
65,19,19
36,9,9
68,22,22
69,20,20
51,9,9
56,14,14
67,20,20
68,20,20
39,11,11
58,16,16
68,17,17
66,16,16
44,12,12
26,8,8
38,10,10
67,12,12
69,18,18
41,9,9
69,21,21
56,14,14
64,19,19
42,12,12
44,10,10
68,20,20
50,14,14
45,11,11
43,11,11
68,18,18
68,14,14
66,18,18
58,13,13
69,19,19
62,19,19
69,12,12
62,13,13
56,14,14
52,10,10
64,13,13
61,18,18
57,15,15
66,16,16
68,19,19
59,14,14
52,14,14
68,17,17
43,11,11
38,8,8
68,17,17
58,16,16
53,10,10
37,9,9
42,10,10
57,16,16
34,10,10
42,10,10
54,14,14
46,13,13
58,14,14
65,18,18
67,16,16
67,13,13
66,21,21
37,11,11
69,19,19
62,16,16
58,16,16
67,21,21
36,10,10
53,15,15
67,17,17
68,18,18
67,21,21
62,14,14
68,14,14
61,17,17
64,23,23
41,9,9
67,18,18
67,18,18
40,10,10
51,11,11
44,13,13
61,17,17
64,16,16
42,13,13
66,18,18
38,12,12
52,12,12
59,15,15
43,13,13
66,18,18
53,13,13
66,17,17
35,8,8
64,20,20
29,9,9
48,11,11
66,20,20
44,11,11
43,11,11
39,11,11
65,17,17
54,12,12
67,19,19
49,11,11
42,9,9
34,8,8
37,11,11
65,11,11
50,15,15
41,11,11
42,10,10
48,14,14
68,14,14
71,16,16
56,13,13
39,11,11
57,17,17
51,14,14
43,10,10
68,19,19
56,13,13
49,11,11
70,17,17
66,20,20
66,22,22
52,12,12
66,17,17
62,16,16
53,9,9
46,12,12
33,5,5
68,15,15
34,8,8
67,15,15
42,7,7
68,19,19
60,15,15
55,17,17
50,14,14
37,11,11
32,8,8
41,13,13
66,19,19
33,8,8
47,7,7
41,11,11
43,11,11
16,4,4
38,10,10
34,8,8
46,12,12
54,16,16
43,10,10
66,23,23
39,8,8
36,10,10
46,12,12
46,10,10
68,21,21
66,18,18
37,12,12
66,21,21
53,17,17
66,18,18
66,22,22
67,22,22
42,10,10
32,8,8
47,13,13
53,12,12
61,16,16
68,17,17
49,13,13
41,11,11
65,17,17
53,13,13
60,18,18
38,8,8
69,18,18
44,8,8
67,19,19
46,5,5
67,15,15
40,9,9
58,17,17
66,20,20
56,14,14
35,8,8
60,18,18
69,19,19
67,19,19
65,13,13
58,13,13
38,8,8
68,19,19
34,10,10
65,19,19
50,10,10
39,11,11
47,15,15
69,18,18
31,9,9
52,13,13
65,21,21
49,9,9
42,10,10
46,10,10
46,9,9
51,9,9
70,18,18
57,15,15
38,10,10
67,15,15
64,16,16
53,15,15
40,12,12
51,14,14
48,12,12
70,16,16
58,14,14
68,19,19
68,20,20
40,8,8
68,18,18
38,10,10
65,23,23
67,17,17
45,10,10
67,18,18
63,16,16
40,9,9
69,21,21
59,17,17
70,17,17
35,11,11
47,11,11
65,19,19
68,18,18
44,14,14
68,15,15
58,16,16
36,8,8
68,19,19
50,12,12
68,17,17
66,17,17
63,19,19
68,20,20
58,16,16
35,10,10
49,13,13
66,19,19
61,19,19
65,19,19
68,21,21
70,21,21
53,13,13
57,17,17
65,13,13
53,14,14
29,7,7
67,21,21
66,21,21
34,11,11
41,9,9
47,13,13
66,20,20
48,15,15
46,8,8
68,18,18
43,12,12
58,17,17
46,16,16
40,10,10
68,19,19
67,19,19
45,13,13
31,11,11
43,11,11
32,8,8
39,11,11
46,14,14
53,15,15
69,14,14
67,20,20
69,19,19
63,18,18
68,16,16
44,10,10
26,4,4
67,19,19
67,20,20
67,15,15
67,21,21
68,21,21
67,18,18
67,19,19
65,14,14
39,9,9
41,11,11
43,10,10
44,12,12
46,14,14
67,19,19
69,19,19
25,6,6
65,21,21
45,13,13
60,17,17
54,14,14
37,9,9
50,14,14
44,10,10
66,16,16
54,17,17
30,7,7
37,11,11
47,12,12
29,5,5
59,17,17
56,12,12
65,12,12
48,13,13
53,15,15
64,19,19
58,16,16
49,11,11
70,17,17
62,14,14
38,8,8
55,14,14
57,15,15
43,13,13
42,10,10
36,10,10
36,10,10
30,8,8
68,17,17
56,14,14
67,19,19
65,16,16
63,20,20
52,14,14
67,21,21
54,15,15
64,16,16
62,18,18
57,15,15
49,14,14
36,10,10
66,20,20
34,7,7
67,15,15
66,17,17
35,11,11
67,21,21
45,11,11
36,10,10
56,13,13
51,13,13
38,8,8
55,16,16
41,9,9
64,17,17
67,19,19
68,18,18
38,11,11
41,11,11
63,21,21
48,14,14
25,7,7
39,12,12
50,13,13
43,11,11
51,11,11
68,20,20
69,18,18
70,20,20
69,20,20
66,22,22
35,8,8
57,15,15
55,16,16
50,9,9
38,8,8
46,11,11
65,19,19
69,20,20
48,12,12
67,21,21
69,18,18
68,19,19
51,13,13
70,20,20
47,11,11
45,10,10
29,7,7
58,14,14
69,21,21
44,8,8
36,10,10
67,20,20
55,18,18
51,14,14
67,21,21
65,21,21
66,17,17
36,9,9
68,17,17
43,11,11
58,14,14
38,11,11
64,20,20
60,17,17
65,16,16
43,11,11
49,11,11
50,15,15
51,12,12
49,15,15
43,11,11
69,17,17
69,17,17
53,15,15
42,12,12
32,8,8
59,15,15
33,8,8
29,7,7
40,11,11
51,16,16
45,11,11
44,11,11
67,17,17
67,19,19
50,12,12
68,18,18
41,11,11
70,19,19
22,3,3
72,18,18
72,16,16
48,13,13
66,17,17
68,20,20
67,16,16
64,18,18
55,13,13
67,18,18
38,10,10
67,19,19
61,15,15
65,15,15
44,12,12
42,11,11
68,18,18
27,7,7
64,17,17
69,18,18
35,9,9
67,20,20
58,15,15
55,15,15
67,19,19
43,11,11
63,15,15
69,19,19
67,21,21
39,10,10
67,22,22
48,14,14
56,16,16
31,8,8
59,15,15
53,13,13
66,13,13
65,21,21
67,19,19
35,9,9
49,12,12
48,12,12
57,14,14
33,8,8
69,16,16
57,16,16
58,18,18
68,19,19
46,10,10
60,18,18
40,10,10
65,20,20
29,7,7
30,10,10
67,17,17
63,12,12
68,18,18
42,10,10
48,14,14
58,17,17
48,10,10
71,18,18
46,12,12
49,10,10
62,20,20
64,17,17
54,12,12
33,11,11
69,14,14
27,7,7
52,14,14
51,15,15
67,16,16
67,18,18
59,18,18
65,21,21
67,22,22
52,15,15
68,21,21
37,11,11
34,8,8
45,13,13
53,11,11
34,10,10
57,16,16
42,12,12
41,10,10
54,16,16
55,15,15
41,7,7
53,13,13
65,22,22
59,17,17
47,13,13
48,10,10
31,7,7
51,13,13
64,18,18
68,18,18
59,18,18
57,14,14
68,15,15
48,12,12
43,11,11
46,12,12
66,16,16
67,20,20
58,13,13
64,20,20
67,21,21
66,18,18
35,11,11
65,19,19
36,10,10
69,19,19
64,22,22
66,14,14
63,14,14
68,20,20
33,9,9
68,20,20
67,17,17
45,11,11
50,12,12
64,14,14
69,18,18
71,20,20
57,14,14
41,12,12
66,22,22
66,18,18
62,18,18
38,10,10
20,4,4
63,17,17
69,21,21
57,14,14
30,8,8
53,14,14
56,16,16
34,8,8
68,20,20
43,15,15
51,12,12
68,18,18
69,14,14
40,11,11
42,9,9
66,19,19
43,8,8
69,19,19
67,19,19
67,20,20
67,17,17
68,17,17
47,12,12
71,17,17
64,17,17
47,13,13
65,15,15
49,15,15
65,16,16
65,17,17
70,19,19
52,14,14
67,20,20
50,14,14
53,13,13
67,19,19
66,10,10
67,21,21
42,8,8
69,19,19
62,15,15
54,14,14
65,19,19
41,9,9
33,9,9
67,14,14
34,8,8
53,13,13
56,13,13
53,13,13
57,15,15
54,14,14
62,15,15
68,18,18
40,12,12
52,11,11
34,8,8
66,21,21
67,15,15
68,20,20
62,15,15
65,20,20
64,15,15
39,11,11
47,10,10
57,17,17
55,15,15
38,12,12
59,13,13
67,19,19
55,17,17
56,12,12
68,19,19
64,19,19
41,8,8
57,13,13
68,20,20
42,12,12
66,19,19
37,8,8
52,16,16
45,11,11
60,16,16
69,16,16
48,14,14
50,14,14
53,13,13
70,17,17
34,10,10
45,13,13
65,19,19
66,17,17
39,10,10
48,12,12
65,16,16
51,12,12
67,16,16
63,17,17
69,16,16
38,12,12
49,15,15
69,20,20
50,14,14
67,15,15
68,21,21
32,10,10
55,13,13
67,22,22
40,8,8
37,11,11
47,13,13
64,22,22
50,12,12
64,18,18
65,13,13
69,13,13
52,12,12
66,21,21
41,9,9
65,18,18
68,18,18
