length,reward,score
45,9,9
44,13,13
43,13,13
43,13,13
44,14,14
44,12,12
32,8,8
41,14,14
26,7,7
26,6,6
43,14,14
43,13,13
43,13,13
41,15,15
44,11,11
43,14,14
44,15,15
45,11,11
40,15,15
40,14,14
43,12,12
43,13,13
42,14,14
34,8,8
33,9,9
44,12,12
41,15,15
37,11,11
42,13,13
45,14,14
45,13,13
45,12,12
44,12,12
40,16,16
44,13,13
45,15,15
29,9,9
44,12,12
43,14,14
37,11,11
43,15,15
43,11,11
44,13,13
21,7,7
44,13,13
45,13,13
35,9,9
43,13,13
44,12,12
44,13,13
43,13,13
43,11,11
25,7,7
44,10,10
45,12,12
44,13,13
43,14,14
45,13,13
41,13,13
44,13,13
42,11,11
43,13,13
42,12,12
42,14,14
44,12,12
41,15,15
43,13,13
44,12,12
42,13,13
46,9,9
42,16,16
43,12,12
33,9,9
43,12,12
46,11,11
26,6,6
46,11,11
45,11,11
44,11,11
42,14,14
39,9,9
34,10,10
44,14,14
44,14,14
43,13,13
42,14,14
44,13,13
43,14,14
33,7,7
43,11,11
43,12,12
45,12,12
44,12,12
39,11,11
41,11,11
42,13,13
43,12,12
44,14,14
44,11,11
41,12,12
41,7,7
43,14,14
42,12,12
42,13,13
43,15,15
42,13,13
36,10,10
43,13,13
43,11,11
41,13,13
42,14,14
43,12,12
41,14,14
44,14,14
45,13,13
46,10,10
42,13,13
42,13,13
41,15,15
42,12,12
42,13,13
35,9,9
45,12,12
42,12,12
41,12,12
44,12,12
42,13,13
44,12,12
44,14,14
44,12,12
43,14,14
43,14,14
42,14,14
42,15,15
44,10,10
43,15,15
44,12,12
43,11,11
45,11,11
43,12,12
43,11,11
29,9,9
44,14,14
40,12,12
44,13,13
43,12,12
44,11,11
40,15,15
42,14,14
42,12,12
42,13,13
31,7,7
43,14,14
43,13,13
41,14,14
42,14,14
44,12,12
39,13,13
41,14,14
42,12,12
44,12,12
45,12,12
41,14,14
43,14,14
44,12,12
44,11,11
43,14,14
45,12,12
42,12,12
43,14,14
43,12,12
41,11,11
41,11,11
42,11,11
39,12,12
43,13,13
42,14,14
42,13,13
42,12,12
43,13,13
43,13,13
44,12,12
45,11,11
45,14,14
37,11,11
42,13,13
43,13,13
45,11,11
44,12,12
42,11,11
46,9,9
44,11,11
45,10,10
42,10,10
43,13,13
24,6,6
39,12,12
44,11,11
43,11,11
23,6,6
45,14,14
44,12,12
42,13,13
44,10,10
37,11,11
42,9,9
42,10,10
45,11,11
44,13,13
44,13,13
43,13,13
44,13,13
36,10,10
38,10,10
44,12,12
43,14,14
45,13,13
43,14,14
42,13,13
43,12,12
42,12,12
44,12,12
41,13,13
42,12,12
42,9,9
44,11,11
44,11,11
43,12,12
42,12,12
44,13,13
42,14,14
40,14,14
43,11,11
44,11,11
42,13,13
43,15,15
43,13,13
43,10,10
41,11,11
44,13,13
42,13,13
44,11,11
43,13,13
44,12,12
44,13,13
45,13,13
44,12,12
33,8,8
43,13,13
44,14,14
42,13,13
41,13,13
41,13,13
43,15,15
39,11,11
43,10,10
38,12,12
43,14,14
45,10,10
43,15,15
43,14,14
45,12,12
44,10,10
41,10,10
43,14,14
35,9,9
45,12,12
43,12,12
44,11,11
42,13,13
41,14,14
42,12,12
42,15,15
44,11,11
44,13,13
44,10,10
31,7,7
41,11,11
46,12,12
44,10,10
29,8,8
40,11,11
43,14,14
45,12,12
41,14,14
43,12,12
46,9,9
42,15,15
42,15,15
42,14,14
44,13,13
42,14,14
45,9,9
42,13,13
41,13,13
45,11,11
42,15,15
29,7,7
44,11,11
42,10,10
35,9,9
44,11,11
43,13,13
42,12,12
27,7,7
43,13,13
30,8,8
38,9,9
42,14,14
44,8,8
27,7,7
42,14,14
43,14,14
44,14,14
43,12,12
36,9,9
42,15,15
43,14,14
31,7,7
40,14,14
44,11,11
46,11,11
34,11,11
39,14,14
24,6,6
42,13,13
43,13,13
44,11,11
44,11,11
43,13,13
42,13,13
43,14,14
43,12,12
36,10,10
42,13,13
46,10,10
44,13,13
44,10,10
44,13,13
42,11,11
42,15,15
43,12,12
41,12,12
42,14,14
42,14,14
45,10,10
44,12,12
44,14,14
42,13,13
42,13,13
42,13,13
39,13,13
41,10,10
42,11,11
41,13,13
43,13,13
42,15,15
43,11,11
37,8,8
43,11,11
33,7,7
45,13,13
44,12,12
35,11,11
44,11,11
43,9,9
42,12,12
42,14,14
45,12,12
42,14,14
43,14,14
41,12,12
40,10,10
42,12,12
36,8,8
43,14,14
46,13,13
46,14,14
45,12,12
44,13,13
44,11,11
45,12,12
43,13,13
37,9,9
42,13,13
43,14,14
43,12,12
43,14,14
37,9,9
44,13,13
45,13,13
42,12,12
45,12,12
46,12,12
43,12,12
42,15,15
45,12,12
45,13,13
42,15,15
42,14,14
44,11,11
41,10,10
43,13,13
43,14,14
44,12,12
44,13,13
42,14,14
44,11,11
43,11,11
42,14,14
45,13,13
44,15,15
41,13,13
42,10,10
45,10,10
43,12,12
42,14,14
40,8,8
37,9,9
43,12,12
44,13,13
41,14,14
41,13,13
42,13,13
42,12,12
39,9,9
42,11,11
43,12,12
44,12,12
33,9,9
43,12,12
44,13,13
42,12,12
43,13,13
44,13,13
44,12,12
43,11,11
41,12,12
45,11,11
43,11,11
45,13,13
44,11,11
42,15,15
43,12,12
35,11,11
42,12,12
43,12,12
43,13,13
45,11,11
38,10,10
43,11,11
37,11,11
42,15,15
37,11,11
43,12,12
43,13,13
43,13,13
45,13,13
38,12,12
42,12,12
44,13,13
41,12,12
43,11,11
39,11,11
44,11,11
42,12,12
40,15,15
42,14,14
44,13,13
43,12,12
45,10,10
41,12,12
43,13,13
42,13,13
43,13,13
43,15,15
43,14,14
42,16,16
41,12,12
43,15,15
44,11,11
42,8,8
43,12,12
43,15,15
43,13,13
44,9,9
42,11,11
43,12,12
43,15,15
43,13,13
38,8,8
35,9,9
44,11,11
44,13,13
42,13,13
33,9,9
44,11,11
41,13,13
42,13,13
42,14,14
41,13,13
45,12,12
44,11,11
39,10,10
42,12,12
43,13,13
42,14,14
42,12,12
40,14,14
42,12,12
42,11,11
43,13,13
45,14,14
45,12,12
42,13,13
42,13,13
43,13,13
44,13,13
45,11,11
44,11,11
45,12,12
42,12,12
44,13,13
44,13,13
24,6,6
43,14,14
44,14,14
42,12,12
42,13,13
42,13,13
33,9,9
28,8,8
43,12,12
36,9,9
43,14,14
43,11,11
45,12,12
43,13,13
23,7,7
43,13,13
42,13,13
43,13,13
42,10,10
44,12,12
42,11,11
41,14,14
42,13,13
43,13,13
42,13,13
36,9,9
44,11,11
32,7,7
43,10,10
42,11,11
43,13,13
44,12,12
44,14,14
30,7,7
35,10,10
41,13,13
42,13,13
44,15,15
42,12,12
44,14,14
39,11,11
44,9,9
42,12,12
43,14,14
24,6,6
42,14,14
41,11,11
44,12,12
44,12,12
43,12,12
44,12,12
42,12,12
41,10,10
43,14,14
43,15,15
42,10,10
46,10,10
44,11,11
42,13,13
42,14,14
40,13,13
42,13,13
42,14,14
42,14,14
44,11,11
42,14,14
35,7,7
36,10,10
42,13,13
42,11,11
41,14,14
43,11,11
41,15,15
44,12,12
44,11,11
44,13,13
45,11,11
42,15,15
44,11,11
41,11,11
44,12,12
44,12,12
42,13,13
40,13,13
45,11,11
43,16,16
40,12,12
43,14,14
43,9,9
42,14,14
41,12,12
44,10,10
42,12,12
43,13,13
43,12,12
46,12,12
43,12,12
42,12,12
44,14,14
31,7,7
43,12,12
45,12,12
42,12,12
25,7,7
44,12,12
45,10,10
43,13,13
42,14,14
41,15,15
43,12,12
35,10,10
41,14,14
38,10,10
44,14,14
39,10,10
36,12,12
30,8,8
44,14,14
39,16,16
42,12,12
42,12,12
43,13,13
21,5,5
42,11,11
44,12,12
41,13,13
43,12,12
35,7,7
46,11,11
43,14,14
44,12,12
43,13,13
43,13,13
45,12,12
36,8,8
42,12,12
42,14,14
43,14,14
44,12,12
44,14,14
43,14,14
39,10,10
43,10,10
41,11,11
41,10,10
40,10,10
39,13,13
42,13,13
42,14,14
43,12,12
35,10,10
42,12,12
27,7,7
42,13,13
43,13,13
45,14,14
44,13,13
43,13,13
43,14,14
43,11,11
43,10,10
42,14,14
37,9,9
46,13,13
40,14,14
45,15,15
43,13,13
31,9,9
46,10,10
43,14,14
42,14,14
23,5,5
43,12,12
42,13,13
21,4,4
44,13,13
43,14,14
45,14,14
44,11,11
44,12,12
30,8,8
44,13,13
44,11,11
45,9,9
42,15,15
42,13,13
43,11,11
43,12,12
31,7,7
44,11,11
42,12,12
43,12,12
42,12,12
26,6,6
45,13,13
42,13,13
44,14,14
44,11,11
43,13,13
45,13,13
41,12,12
39,9,9
45,12,12
42,10,10
43,15,15
41,12,12
43,13,13
24,6,6
44,13,13
44,13,13
43,12,12
43,11,11
44,13,13
44,12,12
43,11,11
42,14,14
44,10,10
40,15,15
37,9,9
43,11,11
42,11,11
42,13,13
38,7,7
43,10,10
42,11,11
44,11,11
42,13,13
43,12,12
44,12,12
42,10,10
46,10,10
40,14,14
43,14,14
43,13,13
43,12,12
42,13,13
44,10,10
42,12,12
36,8,8
42,13,13
30,10,10
43,14,14
35,9,9
43,12,12
40,13,13
43,12,12
15,3,3
44,13,13
44,13,13
40,12,12
42,14,14
42,13,13
43,12,12
44,13,13
33,11,11
41,13,13
44,12,12
42,12,12
41,13,13
45,12,12
44,12,12
43,11,11
44,14,14
43,14,14
41,13,13
41,9,9
37,11,11
43,12,12
33,9,9
45,10,10
42,10,10
42,13,13
45,12,12
34,9,9
45,13,13
44,13,13
43,13,13
41,12,12
40,10,10
24,6,6
45,12,12
40,12,12
37,11,11
42,13,13
41,15,15
41,12,12
42,14,14
43,13,13
42,11,11
36,10,10
42,13,13
43,11,11
29,7,7
43,11,11
42,11,11
43,12,12
44,12,12
41,12,12
44,11,11
42,13,13
42,13,13
45,10,10
45,12,12
29,7,7
42,11,11
42,11,11
44,14,14
38,12,12
44,13,13
43,12,12
44,12,12
41,14,14
44,14,14
23,5,5
43,12,12
44,12,12
43,12,12
42,13,13
41,9,9
43,13,13
42,13,13
44,12,12
43,12,12
42,15,15
42,14,14
35,9,9
44,11,11
45,11,11
34,9,9
41,13,13
43,12,12
43,12,12
42,11,11
44,10,10
43,12,12
44,10,10
41,12,12
45,11,11
44,11,11
38,10,10
45,13,13
42,12,12
43,11,11
43,11,11
42,13,13
40,12,12
41,14,14
42,13,13
38,11,11
44,14,14
42,10,10
37,10,10
42,13,13
45,12,12
41,13,13
41,13,13
41,13,13
43,12,12
27,9,9
44,13,13
41,11,11
43,12,12
43,13,13
41,12,12
44,11,11
44,14,14
39,8,8
42,14,14
43,14,14
41,14,14
43,10,10
37,12,12
43,13,13
43,14,14
45,9,9
42,14,14
34,10,10
41,15,15
44,14,14
43,13,13
44,14,14
44,11,11
35,9,9
42,13,13
43,13,13
31,9,9
44,11,11
39,11,11
42,15,15
42,12,12
37,9,9
44,11,11
44,10,10
45,10,10
43,14,14
35,8,8
39,12,12
34,7,7
42,15,15
42,14,14
43,14,14
38,10,10
43,13,13
43,14,14
45,14,14
44,13,13
33,10,10
43,13,13
42,12,12
42,12,12
28,6,6
43,13,13
27,6,6
30,9,9
41,15,15
43,13,13
32,9,9
44,11,11
44,12,12
41,14,14
45,12,12
33,10,10
43,12,12
38,9,9
43,12,12
44,12,12
42,13,13
25,7,7
28,7,7
45,12,12
44,13,13
26,6,6
43,14,14
43,11,11
42,13,13
43,12,12
43,10,10
44,13,13
44,12,12
43,12,12
39,14,14
42,12,12
42,12,12
43,10,10
42,13,13
44,13,13
42,13,13
44,12,12
41,11,11
43,11,11
44,11,11
42,12,12
44,11,11
41,13,13
42,13,13
32,10,10
45,11,11
43,14,14
42,12,12
43,10,10
45,14,14
43,12,12
37,10,10
40,14,14
42,13,13
43,14,14
41,12,12
41,13,13
43,13,13
42,13,13
42,14,14
45,11,11
43,11,11
35,9,9
46,14,14
43,15,15
