length,reward,score
44,10,10
44,11,11
40,11,11
44,11,11
46,6,6
28,7,7
42,9,9
26,5,5
40,12,12
44,12,12
38,9,9
40,12,12
28,4,4
44,9,9
42,11,11
48,9,9
32,5,5
38,7,7
44,13,13
44,9,9
44,9,9
42,10,10
42,9,9
46,8,8
40,10,10
34,10,10
44,10,10
42,11,11
46,9,9
36,7,7
46,5,5
44,8,8
40,11,11
44,8,8
46,9,9
46,7,7
44,8,8
42,10,10
42,7,7
36,6,6
42,7,7
44,8,8
46,9,9
40,9,9
40,9,9
42,9,9
42,10,10
42,8,8
38,12,12
42,10,10
42,9,9
44,12,12
44,9,9
44,10,10
46,11,11
38,6,6
46,6,6
18,5,5
38,4,4
44,12,12
44,9,9
42,8,8
42,8,8
42,7,7
44,9,9
40,9,9
44,8,8
42,10,10
44,9,9
44,9,9
34,6,6
44,12,12
44,9,9
38,9,9
44,12,12
40,7,7
44,10,10
42,10,10
48,8,8
38,9,9
40,6,6
40,8,8
44,12,12
44,10,10
44,11,11
44,9,9
42,10,10
44,12,12
44,11,11
44,10,10
44,9,9
46,12,12
44,12,12
34,4,4
44,11,11
42,10,10
44,10,10
42,10,10
46,8,8
46,9,9
42,10,10
38,8,8
36,9,9
48,8,8
44,8,8
42,9,9
42,11,11
44,7,7
42,10,10
38,9,9
46,8,8
38,6,6
42,11,11
36,9,9
32,7,7
42,9,9
30,5,5
24,4,4
38,9,9
44,12,12
46,9,9
38,6,6
46,9,9
36,7,7
42,12,12
44,8,8
34,9,9
46,9,9
44,11,11
44,11,11
48,10,10
42,9,9
50,7,7
40,10,10
48,8,8
44,13,13
40,11,11
42,11,11
40,11,11
44,11,11
48,8,8
44,7,7
38,6,6
44,11,11
42,11,11
44,12,12
42,13,13
30,6,6
42,7,7
48,8,8
44,9,9
44,11,11
36,8,8
40,13,13
38,5,5
46,7,7
24,2,2
40,8,8
48,7,7
42,12,12
44,8,8
42,12,12
44,11,11
44,10,10
44,11,11
42,12,12
38,11,11
44,12,12
44,8,8
44,10,10
38,10,10
44,9,9
42,10,10
44,11,11
44,11,11
46,12,12
44,11,11
46,12,12
42,10,10
44,12,12
44,10,10
46,13,13
40,8,8
42,9,9
46,10,10
46,6,6
42,12,12
38,13,13
48,8,8
44,10,10
44,6,6
40,6,6
40,9,9
44,10,10
42,5,5
42,11,11
46,10,10
30,5,5
42,11,11
38,10,10
44,12,12
40,11,11
46,8,8
34,8,8
38,10,10
42,11,11
42,11,11
46,12,12
48,8,8
46,10,10
40,8,8
44,9,9
50,4,4
42,11,11
32,7,7
38,7,7
42,11,11
28,4,4
42,7,7
40,7,7
42,12,12
44,12,12
38,7,7
32,5,5
42,11,11
42,10,10
38,8,8
34,9,9
46,12,12
46,8,8
42,11,11
46,10,10
40,11,11
40,10,10
46,7,7
46,10,10
44,8,8
42,12,12
48,9,9
46,9,9
42,11,11
28,4,4
40,13,13
44,5,5
44,10,10
44,10,10
42,8,8
38,10,10
44,11,11
44,10,10
42,11,11
46,9,9
46,10,10
42,11,11
42,11,11
42,6,6
44,13,13
48,9,9
44,11,11
42,10,10
42,10,10
42,10,10
40,10,10
38,7,7
42,7,7
44,10,10
20,3,3
48,9,9
28,5,5
46,9,9
42,9,9
40,11,11
42,13,13
44,7,7
44,12,12
38,9,9
38,4,4
40,11,11
46,8,8
36,6,6
44,13,13
40,9,9
46,10,10
44,7,7
46,11,11
36,7,7
44,13,13
40,9,9
44,11,11
40,10,10
38,11,11
44,10,10
42,8,8
42,11,11
42,12,12
44,9,9
42,9,9
46,10,10
44,11,11
46,8,8
42,11,11
42,13,13
46,8,8
46,9,9
44,9,9
46,8,8
44,7,7
44,8,8
46,7,7
44,11,11
40,12,12
44,14,14
46,10,10
42,10,10
44,9,9
44,8,8
42,12,12
44,11,11
42,14,14
44,10,10
44,10,10
24,3,3
38,7,7
42,9,9
28,5,5
38,12,12
44,13,13
44,13,13
40,9,9
44,11,11
40,10,10
42,11,11
44,10,10
42,9,9
48,10,10
42,12,12
38,10,10
44,9,9
46,6,6
44,10,10
40,5,5
42,10,10
46,9,9
38,10,10
40,7,7
40,10,10
42,11,11
44,12,12
22,3,3
48,9,9
44,8,8
42,11,11
46,10,10
42,7,7
46,10,10
46,10,10
14,2,2
18,3,3
44,12,12
46,9,9
42,11,11
38,11,11
40,13,13
40,11,11
38,10,10
38,8,8
32,9,9
42,10,10
42,9,9
46,11,11
42,13,13
40,12,12
42,12,12
40,6,6
46,7,7
32,7,7
42,8,8
44,10,10
44,10,10
44,13,13
26,4,4
42,13,13
26,1,1
44,9,9
44,9,9
40,12,12
40,10,10
40,10,10
42,10,10
42,11,11
44,13,13
46,11,11
38,10,10
46,12,12
44,9,9
42,10,10
40,10,10
46,8,8
38,8,8
44,11,11
38,6,6
44,12,12
42,9,9
42,11,11
44,12,12
44,12,12
42,7,7
36,8,8
44,9,9
40,9,9
42,13,13
42,11,11
42,11,11
46,7,7
44,13,13
48,12,12
44,10,10
48,10,10
32,8,8
46,10,10
44,10,10
44,9,9
44,7,7
44,10,10
42,9,9
44,11,11
42,11,11
42,10,10
34,10,10
46,9,9
42,8,8
42,11,11
40,10,10
42,10,10
44,11,11
46,10,10
46,8,8
42,10,10
44,11,11
40,8,8
42,12,12
44,13,13
42,11,11
30,5,5
42,9,9
34,5,5
40,9,9
46,6,6
42,8,8
44,12,12
36,11,11
42,7,7
44,13,13
44,10,10
46,10,10
44,11,11
32,6,6
42,8,8
42,6,6
30,5,5
44,9,9
44,11,11
44,8,8
42,9,9
40,9,9
42,11,11
38,10,10
36,10,10
40,8,8
46,10,10
44,8,8
42,13,13
42,9,9
42,8,8
40,7,7
40,9,9
38,9,9
34,5,5
42,12,12
44,11,11
44,10,10
44,11,11
42,11,11
44,10,10
42,7,7
34,8,8
44,10,10
40,8,8
44,6,6
44,9,9
42,11,11
44,11,11
40,12,12
40,7,7
42,15,15
32,4,4
42,10,10
44,9,9
44,10,10
44,9,9
40,12,12
42,10,10
44,8,8
44,9,9
46,9,9
38,11,11
28,6,6
46,9,9
36,9,9
38,10,10
34,8,8
40,9,9
46,8,8
34,7,7
46,11,11
42,11,11
44,8,8
40,9,9
42,8,8
40,11,11
46,10,10
42,8,8
38,11,11
42,8,8
44,9,9
44,11,11
40,12,12
44,10,10
44,10,10
40,10,10
42,7,7
22,4,4
28,6,6
38,9,9
40,12,12
44,9,9
46,8,8
42,10,10
42,11,11
36,6,6
40,12,12
40,11,11
42,11,11
40,11,11
42,7,7
44,8,8
46,11,11
38,9,9
46,11,11
46,11,11
44,11,11
44,11,11
48,5,5
42,10,10
44,9,9
44,9,9
28,7,7
46,9,9
46,8,8
44,8,8
42,12,12
40,12,12
26,4,4
40,9,9
42,7,7
40,11,11
46,7,7
40,10,10
44,10,10
44,11,11
34,4,4
42,11,11
42,10,10
48,10,10
46,9,9
44,10,10
42,9,9
40,7,7
42,10,10
42,10,10
42,8,8
48,9,9
40,13,13
44,11,11
28,6,6
42,10,10
42,12,12
44,10,10
44,9,9
42,8,8
44,10,10
40,11,11
42,10,10
46,9,9
42,10,10
20,4,4
40,12,12
42,11,11
46,9,9
40,12,12
28,6,6
44,8,8
44,11,11
44,11,11
44,12,12
46,12,12
42,12,12
40,11,11
44,11,11
46,9,9
30,5,5
34,6,6
40,6,6
44,12,12
48,11,11
32,5,5
42,5,5
44,12,12
44,12,12
46,9,9
44,11,11
44,10,10
44,8,8
46,10,10
44,10,10
46,9,9
42,12,12
32,7,7
44,8,8
40,12,12
44,10,10
44,13,13
44,9,9
36,8,8
40,11,11
42,9,9
48,7,7
42,12,12
46,9,9
38,9,9
46,10,10
42,9,9
42,10,10
44,9,9
44,14,14
44,10,10
44,10,10
40,8,8
42,12,12
40,14,14
42,13,13
42,9,9
44,11,11
44,10,10
42,11,11
40,11,11
46,10,10
36,6,6
36,6,6
40,9,9
26,5,5
42,10,10
46,9,9
42,9,9
42,12,12
40,12,12
44,10,10
44,10,10
42,13,13
40,10,10
28,9,9
48,11,11
36,5,5
38,9,9
44,9,9
46,9,9
44,11,11
36,5,5
42,9,9
42,10,10
44,12,12
42,10,10
46,11,11
42,12,12
42,12,12
44,11,11
46,10,10
48,10,10
42,11,11
32,6,6
46,8,8
42,10,10
44,11,11
44,11,11
46,8,8
44,8,8
40,5,5
46,10,10
26,4,4
42,12,12
44,8,8
44,9,9
32,5,5
42,11,11
44,11,11
40,10,10
44,8,8
34,8,8
44,9,9
26,7,7
32,6,6
42,9,9
42,10,10
48,11,11
40,7,7
40,10,10
44,12,12
42,11,11
46,9,9
42,9,9
42,13,13
42,10,10
42,10,10
42,9,9
46,10,10
42,11,11
38,10,10
44,10,10
46,8,8
40,11,11
44,11,11
44,8,8
42,9,9
46,12,12
44,12,12
44,10,10
36,4,4
42,10,10
42,10,10
44,7,7
44,12,12
36,9,9
38,9,9
46,11,11
46,8,8
46,10,10
44,11,11
38,11,11
26,4,4
44,11,11
44,11,11
38,11,11
42,13,13
44,9,9
44,10,10
42,9,9
42,12,12
44,10,10
44,14,14
42,10,10
40,12,12
44,9,9
44,12,12
42,11,11
44,10,10
36,9,9
44,11,11
44,10,10
42,9,9
44,12,12
44,12,12
42,11,11
32,6,6
44,8,8
42,9,9
44,12,12
46,10,10
42,12,12
46,12,12
46,8,8
42,10,10
44,10,10
42,10,10
44,8,8
44,12,12
42,13,13
40,12,12
46,12,12
44,11,11
42,13,13
46,10,10
40,10,10
46,10,10
42,8,8
44,8,8
46,10,10
46,13,13
48,11,11
42,10,10
40,8,8
40,13,13
44,11,11
40,9,9
38,7,7
42,11,11
44,11,11
36,7,7
28,6,6
42,12,12
44,9,9
42,10,10
44,13,13
44,9,9
48,10,10
42,10,10
46,11,11
46,12,12
40,11,11
40,11,11
40,12,12
44,13,13
44,9,9
38,7,7
42,13,13
40,11,11
44,9,9
46,9,9
44,13,13
42,9,9
40,12,12
44,10,10
42,11,11
28,5,5
38,8,8
44,11,11
46,10,10
44,10,10
44,9,9
40,11,11
44,10,10
48,8,8
46,12,12
44,12,12
44,11,11
40,9,9
44,8,8
46,8,8
44,10,10
44,9,9
42,9,9
44,11,11
44,11,11
42,9,9
44,11,11
42,9,9
40,8,8
44,11,11
30,6,6
42,7,7
42,10,10
42,9,9
40,6,6
44,12,12
44,10,10
18,3,3
18,3,3
44,11,11
40,10,10
46,11,11
18,2,2
38,5,5
42,8,8
38,9,9
44,11,11
44,9,9
44,10,10
44,14,14
38,8,8
42,13,13
40,9,9
44,10,10
44,11,11
46,8,8
44,9,9
40,9,9
44,10,10
44,12,12
36,7,7
44,9,9
30,6,6
42,11,11
28,7,7
46,8,8
40,12,12
44,11,11
34,8,8
44,9,9
46,10,10
46,11,11
42,11,11
40,12,12
42,10,10
42,10,10
42,14,14
20,4,4
44,12,12
24,5,5
36,6,6
40,15,15
44,8,8
42,8,8
40,8,8
42,9,9
42,12,12
44,11,11
42,9,9
44,10,10
42,11,11
44,10,10
42,9,9
40,9,9
42,14,14
44,11,11
42,12,12
44,13,13
44,7,7
36,7,7
46,11,11
36,8,8
44,10,10
34,8,8
42,11,11
42,10,10
42,10,10
42,8,8
44,10,10
44,13,13
42,10,10
46,9,9
46,10,10
46,11,11
36,9,9
44,12,12
44,13,13
40,11,11
44,11,11
42,7,7
40,11,11
42,10,10
46,9,9
42,13,13
44,13,13
42,8,8
46,10,10
42,12,12
42,12,12
42,11,11
42,13,13
40,10,10
46,10,10
44,11,11
46,7,7
44,12,12
44,13,13
44,11,11
48,9,9
42,11,11
48,10,10
44,10,10
42,13,13
44,8,8
38,6,6
44,12,12
42,13,13
38,10,10
42,8,8
46,7,7
40,10,10
40,13,13
44,12,12
44,10,10
44,9,9
44,11,11
44,10,10
44,8,8
24,7,7
40,7,7
42,12,12
46,11,11
32,5,5
42,9,9
44,12,12
42,7,7
44,11,11
44,9,9
44,11,11
44,9,9
44,11,11
36,12,12
38,7,7
