length,reward,score
60,10,10
62,9,9
66,12,12
64,15,15
60,12,12
50,9,9
62,11,11
60,10,10
56,9,9
64,13,13
66,9,9
60,11,11
60,13,13
52,7,7
62,13,13
58,8,8
64,14,14
66,10,10
62,13,13
52,8,8
56,7,7
66,13,13
66,14,14
62,10,10
60,11,11
70,8,8
58,10,10
70,14,14
56,8,8
60,13,13
62,9,9
66,14,14
52,11,11
60,13,13
58,11,11
66,9,9
58,8,8
64,12,12
56,11,11
68,13,13
58,12,12
58,13,13
56,7,7
62,10,10
62,9,9
54,9,9
66,13,13
64,11,11
68,10,10
60,12,12
70,15,15
62,10,10
68,11,11
66,14,14
60,9,9
62,12,12
60,12,12
58,11,11
64,15,15
60,12,12
58,8,8
56,12,12
64,12,12
62,12,12
68,13,13
64,9,9
68,12,12
56,7,7
58,10,10
44,8,8
48,10,10
68,15,15
60,11,11
62,13,13
60,9,9
62,11,11
66,11,11
66,14,14
64,12,12
64,10,10
60,13,13
64,14,14
64,13,13
56,10,10
56,9,9
58,13,13
56,11,11
60,13,13
62,9,9
40,6,6
64,13,13
70,13,13
62,6,6
64,11,11
52,6,6
54,7,7
56,8,8
68,12,12
62,13,13
74,12,12
14,1,1
40,5,5
58,9,9
54,9,9
62,12,12
62,11,11
60,12,12
60,12,12
64,15,15
62,12,12
64,11,11
46,7,7
52,8,8
60,9,9
56,9,9
60,11,11
62,14,14
66,14,14
46,5,5
64,12,12
62,8,8
46,7,7
54,10,10
58,9,9
40,4,4
62,13,13
62,14,14
72,13,13
66,11,11
68,10,10
68,11,11
62,11,11
58,10,10
70,10,10
52,9,9
60,9,9
58,9,9
70,14,14
58,10,10
66,13,13
52,8,8
68,14,14
62,12,12
60,15,15
60,13,13
64,9,9
62,9,9
58,13,13
58,9,9
50,6,6
68,12,12
66,10,10
60,14,14
70,12,12
72,15,15
64,9,9
66,14,14
64,17,17
68,10,10
62,16,16
58,12,12
50,9,9
32,7,7
68,15,15
42,5,5
66,11,11
62,14,14
60,13,13
66,12,12
46,4,4
62,9,9
64,9,9
60,13,13
68,12,12
62,12,12
62,7,7
66,7,7
56,7,7
66,15,15
60,11,11
58,12,12
58,9,9
70,13,13
64,11,11
68,8,8
60,9,9
68,12,12
58,12,12
64,8,8
60,9,9
62,6,6
62,12,12
64,11,11
60,13,13
68,8,8
60,10,10
62,12,12
62,15,15
64,13,13
62,8,8
60,11,11
62,12,12
56,10,10
62,15,15
64,12,12
66,11,11
58,10,10
62,12,12
64,12,12
66,13,13
60,11,11
58,11,11
52,6,6
64,10,10
64,15,15
58,7,7
62,13,13
54,9,9
66,11,11
62,10,10
62,11,11
64,15,15
68,11,11
66,9,9
64,15,15
56,10,10
58,11,11
64,15,15
64,15,15
66,12,12
66,11,11
58,12,12
62,10,10
66,15,15
62,11,11
64,14,14
66,16,16
64,9,9
54,11,11
60,11,11
60,9,9
62,14,14
68,17,17
62,13,13
54,10,10
64,16,16
60,12,12
38,7,7
66,10,10
60,11,11
58,11,11
58,12,12
58,8,8
58,10,10
62,13,13
62,11,11
68,13,13
64,12,12
68,11,11
62,10,10
60,9,9
62,9,9
54,10,10
64,12,12
64,11,11
54,11,11
66,12,12
60,11,11
64,18,18
60,9,9
60,10,10
66,15,15
68,10,10
66,10,10
66,12,12
66,9,9
66,14,14
60,10,10
62,15,15
62,9,9
64,8,8
64,13,13
58,10,10
60,12,12
58,7,7
60,9,9
60,10,10
64,12,12
66,12,12
76,10,10
62,12,12
70,11,11
64,12,12
66,15,15
42,7,7
62,10,10
54,11,11
60,10,10
60,10,10
48,7,7
50,5,5
62,12,12
64,12,12
64,12,12
60,9,9
58,10,10
58,8,8
60,10,10
64,14,14
66,12,12
64,12,12
62,7,7
58,8,8
62,13,13
60,5,5
64,10,10
64,14,14
70,14,14
68,12,12
64,8,8
30,3,3
72,6,6
58,6,6
60,11,11
58,13,13
44,7,7
60,10,10
60,12,12
58,10,10
62,12,12
58,13,13
68,13,13
62,12,12
70,11,11
64,13,13
52,10,10
60,12,12
64,11,11
68,15,15
66,8,8
42,6,6
62,14,14
62,8,8
60,11,11
52,9,9
60,11,11
56,11,11
48,8,8
56,8,8
64,9,9
66,12,12
48,7,7
72,13,13
62,11,11
70,13,13
58,11,11
64,13,13
64,9,9
56,10,10
50,9,9
68,7,7
60,13,13
62,12,12
64,11,11
46,5,5
66,13,13
66,15,15
66,11,11
62,11,11
56,11,11
58,10,10
62,12,12
66,14,14
64,9,9
42,7,7
68,12,12
70,12,12
56,6,6
64,13,13
66,11,11
64,10,10
54,11,11
62,13,13
54,9,9
58,8,8
62,12,12
66,16,16
60,9,9
66,14,14
56,11,11
62,9,9
56,11,11
66,12,12
60,14,14
62,12,12
66,7,7
60,11,11
62,10,10
66,11,11
50,9,9
62,13,13
62,11,11
64,13,13
52,8,8
66,12,12
64,9,9
62,13,13
62,11,11
58,13,13
60,8,8
56,12,12
64,12,12
60,8,8
64,16,16
60,12,12
60,7,7
58,8,8
64,11,11
60,11,11
68,12,12
58,8,8
62,9,9
64,10,10
58,11,11
62,11,11
66,13,13
62,11,11
66,13,13
60,11,11
66,12,12
60,12,12
62,14,14
60,13,13
64,12,12
62,10,10
64,11,11
58,11,11
60,12,12
62,11,11
56,13,13
66,9,9
54,11,11
60,12,12
66,8,8
64,10,10
54,8,8
66,15,15
52,6,6
64,12,12
64,12,12
68,14,14
58,9,9
64,11,11
64,15,15
66,8,8
64,10,10
62,13,13
54,11,11
54,8,8
56,8,8
66,9,9
44,10,10
64,14,14
58,14,14
66,7,7
20,3,3
50,12,12
64,10,10
62,16,16
34,8,8
60,13,13
70,9,9
42,8,8
62,13,13
72,10,10
62,12,12
62,11,11
64,13,13
64,11,11
64,11,11
60,13,13
62,10,10
64,10,10
66,12,12
56,12,12
60,13,13
66,16,16
42,9,9
64,10,10
64,16,16
64,13,13
60,12,12
66,11,11
60,12,12
64,11,11
58,9,9
50,11,11
62,10,10
66,12,12
60,11,11
52,9,9
60,11,11
58,10,10
40,6,6
46,7,7
62,11,11
60,9,9
62,9,9
62,13,13
64,13,13
58,12,12
68,10,10
48,5,5
48,10,10
66,10,10
60,12,12
58,10,10
68,10,10
50,11,11
60,12,12
60,10,10
66,15,15
56,12,12
62,14,14
64,11,11
62,13,13
60,11,11
60,10,10
66,11,11
60,13,13
56,11,11
64,12,12
66,9,9
60,11,11
66,11,11
58,8,8
56,11,11
48,7,7
68,15,15
60,7,7
66,15,15
52,9,9
60,9,9
60,10,10
66,11,11
44,9,9
38,10,10
70,11,11
68,11,11
68,16,16
62,10,10
42,7,7
70,11,11
64,14,14
62,12,12
64,12,12
58,7,7
62,14,14
70,9,9
64,11,11
58,8,8
64,12,12
42,6,6
64,10,10
64,12,12
50,4,4
54,10,10
60,11,11
58,6,6
38,6,6
58,9,9
64,11,11
60,11,11
36,5,5
60,9,9
62,10,10
60,11,11
56,9,9
56,7,7
66,12,12
60,9,9
66,12,12
64,10,10
60,12,12
52,14,14
58,13,13
62,10,10
64,13,13
58,12,12
62,12,12
70,12,12
68,10,10
64,14,14
58,7,7
62,8,8
72,11,11
62,13,13
62,10,10
64,15,15
64,10,10
62,14,14
50,6,6
64,12,12
42,11,11
64,14,14
56,11,11
38,7,7
68,13,13
62,5,5
62,12,12
42,5,5
66,11,11
62,12,12
52,8,8
70,16,16
58,8,8
60,10,10
64,16,16
68,9,9
66,11,11
64,12,12
60,14,14
62,10,10
62,13,13
62,11,11
54,9,9
62,15,15
66,10,10
62,11,11
64,12,12
58,9,9
62,11,11
68,10,10
64,11,11
64,12,12
52,7,7
56,10,10
40,5,5
64,11,11
62,13,13
62,11,11
62,12,12
62,12,12
60,8,8
62,13,13
46,7,7
68,9,9
62,9,9
62,11,11
62,8,8
68,14,14
64,12,12
68,14,14
46,7,7
64,10,10
58,8,8
70,11,11
68,14,14
72,11,11
66,10,10
64,10,10
62,6,6
54,10,10
58,11,11
66,13,13
56,12,12
52,10,10
62,10,10
62,10,10
66,10,10
62,13,13
56,7,7
56,9,9
62,10,10
66,10,10
66,12,12
60,14,14
64,8,8
60,11,11
66,15,15
72,13,13
60,10,10
60,9,9
42,3,3
60,9,9
62,13,13
60,7,7
62,14,14
72,11,11
62,11,11
60,15,15
66,13,13
64,14,14
64,15,15
58,10,10
54,11,11
60,12,12
58,12,12
58,12,12
62,9,9
62,12,12
62,7,7
58,12,12
62,11,11
62,11,11
62,13,13
54,9,9
70,10,10
62,15,15
60,13,13
60,13,13
60,10,10
58,10,10
64,13,13
68,7,7
66,11,11
58,9,9
58,12,12
64,12,12
42,7,7
66,14,14
64,13,13
62,11,11
64,12,12
60,11,11
60,7,7
64,11,11
60,11,11
64,12,12
62,11,11
62,13,13
66,12,12
62,10,10
62,9,9
58,12,12
68,7,7
58,14,14
64,13,13
76,9,9
62,12,12
64,11,11
62,10,10
72,13,13
56,10,10
62,12,12
60,11,11
58,10,10
56,12,12
60,15,15
66,13,13
60,12,12
66,12,12
60,12,12
68,9,9
60,10,10
60,13,13
60,12,12
60,9,9
64,11,11
40,6,6
60,10,10
64,11,11
58,10,10
62,14,14
66,15,15
62,8,8
62,13,13
64,12,12
68,8,8
56,7,7
58,6,6
60,15,15
70,14,14
64,14,14
64,11,11
54,12,12
52,11,11
58,13,13
60,11,11
62,8,8
56,8,8
46,7,7
50,6,6
60,9,9
62,12,12
54,9,9
60,12,12
58,10,10
56,10,10
56,9,9
56,13,13
62,11,11
66,11,11
64,9,9
64,11,11
58,12,12
64,13,13
56,9,9
64,14,14
64,9,9
56,10,10
62,12,12
44,6,6
62,10,10
62,12,12
60,13,13
66,15,15
52,8,8
56,8,8
64,7,7
74,9,9
62,11,11
62,10,10
66,13,13
48,9,9
60,12,12
68,12,12
54,10,10
62,11,11
62,13,13
50,10,10
64,7,7
52,8,8
30,3,3
62,15,15
60,9,9
66,12,12
64,10,10
56,13,13
68,13,13
62,6,6
64,11,11
58,8,8
56,12,12
62,11,11
60,12,12
58,9,9
76,8,8
72,15,15
38,6,6
66,12,12
64,15,15
56,10,10
56,8,8
54,9,9
58,14,14
54,11,11
64,12,12
64,13,13
64,10,10
42,6,6
70,10,10
54,7,7
64,12,12
66,16,16
62,15,15
76,10,10
60,10,10
60,12,12
54,12,12
70,11,11
48,8,8
54,7,7
56,12,12
60,8,8
64,11,11
60,14,14
64,13,13
58,10,10
56,8,8
58,10,10
58,12,12
60,11,11
66,10,10
70,14,14
46,8,8
58,11,11
54,9,9
58,10,10
66,10,10
54,8,8
58,8,8
66,12,12
62,12,12
68,14,14
66,10,10
60,13,13
62,7,7
58,8,8
54,11,11
60,10,10
32,9,9
64,10,10
34,6,6
56,11,11
54,11,11
56,9,9
66,10,10
70,14,14
50,8,8
68,16,16
66,12,12
56,10,10
64,12,12
64,15,15
64,14,14
70,12,12
26,3,3
66,13,13
68,11,11
64,10,10
64,13,13
62,10,10
62,12,12
56,9,9
66,10,10
72,12,12
60,9,9
62,8,8
50,12,12
58,9,9
56,9,9
74,13,13
56,6,6
58,10,10
70,13,13
60,9,9
40,8,8
62,8,8
64,13,13
72,15,15
48,7,7
52,6,6
62,9,9
54,13,13
60,11,11
62,10,10
46,9,9
62,11,11
56,10,10
66,15,15
64,12,12
66,11,11
56,10,10
64,10,10
58,11,11
64,12,12
64,14,14
60,10,10
62,13,13
64,11,11
60,11,11
70,9,9
54,10,10
60,11,11
56,9,9
68,11,11
56,9,9
62,11,11
70,9,9
68,11,11
66,12,12
66,12,12
70,16,16
64,11,11
64,14,14
64,14,14
34,6,6
64,11,11
54,6,6
70,12,12
54,13,13
66,13,13
56,8,8
52,7,7
56,9,9
64,11,11
58,10,10
58,11,11
60,13,13
62,13,13
50,8,8
66,12,12
64,13,13
52,10,10
62,12,12
60,7,7
60,11,11
50,12,12
60,12,12
62,14,14
62,10,10
50,7,7
64,13,13
56,9,9
68,14,14
64,12,12
60,14,14
66,12,12
66,6,6
