length,reward,score
17,9,9
14,4,4
18,8,8
16,8,8
17,5,5
18,7,7
16,5,5
9,2,2
16,7,7
14,5,5
16,6,6
14,7,7
17,8,8
16,6,6
18,6,6
17,8,8
17,8,8
16,7,7
16,7,7
15,8,8
17,6,6
16,6,6
16,7,7
17,8,8
19,6,6
10,2,2
17,5,5
14,9,9
16,7,7
18,7,7
16,9,9
18,6,6
16,5,5
17,8,8
16,9,9
16,7,7
15,3,3
15,9,9
18,8,8
16,8,8
17,7,7
18,8,8
13,4,4
17,8,8
14,6,6
18,6,6
15,6,6
16,7,7
17,6,6
16,5,5
14,5,5
16,8,8
17,7,7
15,7,7
13,4,4
18,6,6
15,4,4
14,5,5
17,7,7
18,8,8
14,5,5
17,9,9
15,4,4
18,8,8
16,6,6
18,7,7
12,3,3
16,9,9
17,5,5
15,5,5
15,9,9
17,7,7
17,6,6
15,5,5
15,5,5
16,7,7
18,8,8
17,8,8
17,5,5
14,3,3
17,7,7
17,8,8
16,4,4
17,5,5
17,6,6
16,6,6
17,8,8
17,8,8
18,5,5
17,3,3
17,7,7
17,5,5
16,7,7
16,6,6
17,7,7
18,6,6
17,6,6
17,6,6
15,5,5
17,8,8
15,4,4
17,6,6
15,9,9
15,5,5
17,6,6
17,7,7
16,6,6
16,8,8
16,6,6
9,3,3
16,7,7
17,9,9
14,6,6
17,7,7
17,5,5
17,8,8
17,5,5
17,4,4
17,8,8
15,6,6
17,7,7
18,5,5
18,7,7
17,6,6
15,6,6
17,8,8
16,6,6
16,7,7
17,6,6
16,8,8
17,6,6
17,9,9
17,8,8
17,8,8
16,9,9
17,9,9
17,7,7
16,6,6
18,7,7
17,6,6
16,6,6
16,8,8
17,5,5
16,5,5
15,5,5
16,4,4
16,6,6
18,7,7
16,8,8
17,7,7
17,8,8
16,9,9
17,9,9
17,7,7
17,8,8
17,6,6
16,6,6
17,8,8
15,9,9
17,6,6
18,7,7
11,2,2
14,5,5
17,6,6
17,7,7
15,6,6
12,5,5
16,6,6
18,7,7
17,6,6
15,7,7
17,6,6
17,7,7
17,8,8
17,6,6
17,9,9
17,7,7
14,4,4
16,6,6
17,7,7
15,6,6
17,8,8
16,6,6
17,6,6
17,8,8
17,7,7
17,6,6
18,8,8
16,8,8
17,7,7
17,8,8
18,8,8
16,5,5
18,7,7
17,6,6
16,5,5
18,7,7
14,5,5
16,7,7
18,6,6
13,5,5
16,6,6
17,7,7
16,5,5
15,5,5
13,4,4
18,7,7
17,7,7
16,8,8
15,7,7
17,8,8
17,8,8
14,6,6
17,6,6
13,5,5
18,7,7
16,5,5
15,9,9
17,9,9
17,9,9
17,8,8
17,7,7
15,6,6
16,7,7
16,6,6
16,7,7
16,7,7
15,6,6
17,6,6
15,8,8
16,8,8
17,6,6
15,8,8
17,8,8
13,5,5
13,5,5
17,8,8
17,8,8
16,7,7
17,9,9
17,6,6
16,7,7
19,6,6
17,8,8
18,8,8
16,7,7
16,7,7
17,8,8
17,8,8
16,8,8
17,6,6
19,6,6
13,2,2
17,7,7
17,4,4
16,8,8
17,8,8
19,5,5
16,9,9
16,9,9
17,6,6
17,8,8
18,6,6
16,7,7
16,6,6
18,6,6
18,7,7
13,2,2
16,6,6
14,5,5
18,6,6
16,7,7
15,6,6
17,7,7
16,4,4
17,8,8
15,5,5
17,8,8
17,5,5
15,6,6
17,8,8
18,7,7
18,9,9
17,4,4
17,6,6
18,7,7
15,5,5
15,6,6
19,5,5
13,5,5
14,5,5
17,7,7
17,8,8
13,4,4
16,6,6
17,5,5
18,5,5
17,6,6
15,4,4
15,6,6
14,7,7
17,7,7
19,5,5
17,7,7
16,7,7
17,6,6
16,8,8
17,8,8
18,8,8
16,5,5
16,8,8
18,7,7
16,5,5
17,6,6
16,8,8
16,8,8
17,5,5
17,6,6
17,7,7
17,5,5
14,4,4
15,5,5
17,5,5
14,4,4
17,8,8
17,7,7
17,7,7
17,6,6
18,6,6
18,8,8
16,8,8
17,5,5
17,8,8
15,9,9
17,6,6
16,9,9
17,7,7
16,5,5
17,6,6
17,7,7
15,9,9
15,6,6
17,6,6
16,7,7
16,5,5
14,9,9
18,5,5
15,5,5
17,7,7
15,7,7
17,7,7
17,9,9
18,7,7
17,5,5
14,9,9
17,8,8
16,5,5
19,4,4
12,4,4
17,5,5
16,6,6
15,4,4
18,7,7
17,8,8
18,8,8
17,9,9
16,4,4
17,9,9
16,8,8
15,6,6
19,5,5
14,5,5
17,5,5
16,5,5
15,9,9
17,5,5
18,7,7
16,4,4
15,6,6
15,8,8
18,6,6
17,7,7
16,8,8
17,8,8
17,5,5
18,8,8
17,7,7
16,7,7
16,5,5
15,6,6
18,8,8
18,8,8
16,7,7
17,9,9
13,4,4
18,5,5
18,5,5
14,6,6
15,4,4
18,5,5
17,6,6
19,5,5
17,7,7
17,9,9
16,7,7
16,8,8
17,9,9
17,8,8
17,5,5
11,4,4
17,5,5
18,8,8
18,7,7
18,7,7
16,9,9
12,3,3
17,7,7
18,7,7
18,8,8
19,6,6
15,4,4
17,8,8
17,5,5
17,5,5
14,5,5
17,5,5
17,8,8
18,6,6
16,7,7
16,7,7
15,8,8
16,6,6
9,2,2
15,6,6
14,7,7
17,6,6
16,4,4
18,4,4
17,8,8
17,7,7
17,8,8
17,8,8
17,8,8
17,7,7
17,8,8
15,6,6
17,7,7
18,7,7
17,6,6
16,5,5
14,5,5
18,5,5
17,8,8
14,4,4
17,8,8
13,9,9
18,7,7
15,5,5
18,5,5
17,8,8
17,8,8
17,8,8
16,8,8
16,9,9
17,6,6
18,6,6
17,8,8
17,7,7
16,8,8
16,8,8
13,4,4
18,6,6
17,6,6
16,8,8
17,5,5
16,5,5
17,7,7
14,5,5
17,8,8
15,9,9
18,6,6
16,9,9
17,7,7
16,8,8
17,6,6
14,5,5
17,8,8
17,8,8
16,5,5
17,8,8
13,5,5
16,7,7
18,5,5
17,6,6
18,6,6
16,9,9
18,5,5
18,8,8
17,8,8
16,7,7
18,5,5
16,5,5
15,9,9
17,7,7
14,4,4
18,4,4
16,4,4
16,8,8
15,5,5
18,5,5
15,7,7
16,7,7
15,5,5
17,7,7
17,7,7
15,5,5
17,8,8
16,6,6
16,5,5
17,9,9
14,7,7
17,7,7
17,8,8
10,2,2
16,9,9
16,9,9
15,6,6
17,6,6
17,8,8
15,7,7
16,5,5
16,5,5
16,7,7
17,7,7
17,7,7
17,9,9
17,7,7
17,7,7
17,6,6
17,8,8
14,6,6
16,7,7
14,5,5
13,6,6
17,6,6
13,4,4
11,3,3
15,5,5
11,3,3
13,5,5
16,9,9
15,6,6
17,8,8
16,9,9
18,6,6
15,6,6
16,7,7
18,6,6
17,8,8
16,8,8
16,6,6
18,5,5
16,7,7
16,6,6
17,6,6
18,7,7
14,6,6
18,5,5
18,6,6
16,9,9
16,6,6
18,8,8
17,8,8
16,7,7
18,9,9
14,5,5
17,5,5
17,7,7
16,8,8
17,9,9
17,4,4
19,5,5
16,7,7
17,7,7
18,7,7
17,9,9
16,8,8
17,8,8
14,5,5
17,9,9
16,8,8
18,7,7
12,4,4
17,7,7
17,7,7
16,5,5
15,4,4
15,7,7
16,4,4
16,5,5
14,5,5
15,6,6
18,6,6
15,6,6
18,7,7
17,8,8
14,5,5
16,8,8
17,8,8
17,7,7
17,8,8
16,7,7
17,7,7
19,6,6
16,5,5
15,5,5
15,5,5
15,5,5
16,8,8
18,7,7
15,5,5
12,4,4
14,5,5
15,5,5
15,7,7
16,5,5
14,5,5
18,8,8
17,5,5
18,7,7
18,6,6
17,6,6
17,7,7
16,8,8
18,8,8
16,4,4
15,5,5
17,8,8
14,9,9
17,6,6
16,7,7
15,7,7
16,7,7
18,7,7
16,8,8
17,7,7
14,6,6
18,8,8
18,6,6
12,2,2
9,2,2
16,5,5
17,7,7
17,8,8
17,8,8
15,5,5
16,8,8
17,8,8
18,7,7
12,5,5
16,7,7
18,6,6
16,7,7
17,9,9
14,9,9
17,7,7
16,8,8
17,5,5
16,9,9
15,6,6
16,7,7
17,7,7
17,7,7
17,8,8
16,7,7
16,9,9
18,7,7
12,2,2
15,6,6
18,5,5
16,6,6
18,8,8
16,8,8
17,7,7
17,6,6
18,9,9
18,7,7
17,7,7
15,5,5
18,8,8
16,9,9
15,6,6
17,8,8
17,9,9
18,7,7
18,7,7
15,8,8
16,9,9
15,9,9
16,6,6
17,9,9
18,7,7
16,7,7
17,8,8
17,9,9
17,6,6
13,5,5
18,7,7
16,8,8
17,9,9
18,6,6
17,4,4
17,8,8
17,6,6
17,7,7
17,8,8
19,6,6
18,8,8
17,8,8
17,8,8
15,6,6
18,4,4
17,7,7
18,6,6
18,6,6
15,9,9
17,6,6
16,8,8
17,6,6
16,8,8
18,5,5
14,7,7
16,5,5
16,4,4
16,7,7
15,7,7
18,8,8
17,9,9
16,6,6
16,8,8
17,6,6
17,8,8
15,9,9
18,7,7
18,4,4
16,6,6
17,7,7
18,7,7
16,6,6
17,8,8
17,6,6
17,6,6
14,4,4
18,6,6
17,5,5
14,9,9
17,9,9
17,7,7
18,8,8
18,7,7
13,9,9
16,8,8
17,4,4
18,6,6
17,7,7
16,8,8
17,6,6
14,4,4
15,7,7
16,5,5
18,7,7
15,4,4
16,6,6
17,5,5
17,6,6
18,6,6
13,3,3
16,7,7
15,4,4
17,8,8
17,7,7
17,8,8
16,8,8
16,7,7
17,8,8
14,5,5
17,7,7
17,8,8
16,9,9
18,7,7
18,8,8
16,7,7
17,8,8
16,5,5
17,8,8
14,9,9
16,4,4
14,5,5
17,9,9
15,6,6
17,8,8
17,8,8
14,5,5
16,5,5
15,6,6
17,9,9
17,5,5
18,7,7
17,6,6
16,7,7
18,8,8
10,2,2
17,5,5
17,5,5
14,6,6
15,4,4
14,4,4
15,6,6
9,2,2
17,9,9
16,7,7
18,8,8
17,5,5
18,7,7
17,5,5
18,8,8
17,8,8
19,5,5
16,8,8
17,7,7
17,6,6
15,5,5
17,8,8
16,7,7
15,5,5
18,5,5
16,6,6
17,7,7
17,7,7
19,7,7
17,7,7
17,7,7
11,2,2
17,8,8
16,7,7
17,6,6
19,6,6
16,5,5
17,4,4
17,4,4
16,7,7
16,7,7
18,6,6
15,8,8
17,7,7
18,7,7
17,6,6
16,5,5
13,5,5
17,9,9
17,6,6
16,7,7
17,7,7
14,5,5
16,7,7
17,6,6
17,6,6
16,5,5
17,7,7
15,8,8
18,7,7
16,7,7
17,5,5
17,8,8
12,2,2
17,6,6
16,7,7
17,8,8
17,7,7
17,7,7
14,3,3
17,6,6
17,9,9
16,7,7
18,7,7
15,6,6
17,5,5
15,6,6
16,9,9
17,8,8
17,7,7
16,8,8
15,9,9
17,7,7
16,6,6
16,7,7
13,4,4
19,4,4
17,7,7
17,8,8
17,6,6
16,9,9
17,7,7
17,8,8
18,6,6
17,8,8
17,8,8
15,9,9
13,3,3
13,6,6
14,8,8
15,6,6
12,4,4
16,7,7
17,8,8
17,9,9
17,8,8
11,2,2
17,4,4
17,8,8
15,4,4
17,8,8
18,7,7
17,8,8
15,9,9
17,7,7
16,8,8
17,9,9
17,6,6
16,7,7
18,7,7
17,7,7
16,8,8
18,4,4
16,5,5
13,5,5
15,5,5
17,6,6
16,8,8
15,5,5
17,7,7
18,7,7
15,6,6
14,4,4
17,8,8
15,5,5
19,6,6
17,5,5
17,7,7
16,8,8
16,8,8
14,5,5
16,7,7
16,4,4
17,6,6
17,7,7
16,8,8
16,6,6
17,8,8
17,8,8
17,6,6
17,7,7
17,7,7
18,7,7
18,6,6
18,6,6
15,8,8
17,7,7
14,5,5
16,7,7
18,5,5
16,4,4
15,6,6
17,5,5
17,7,7
17,8,8
16,5,5
15,6,6
17,5,5
18,6,6
12,4,4
15,6,6
14,5,5
18,7,7
15,5,5
16,6,6
16,5,5
16,5,5
15,7,7
19,7,7
17,7,7
17,6,6
18,6,6
17,8,8
15,5,5
14,4,4
18,7,7
18,7,7
17,6,6
17,6,6
