length,reward,score
42,6,6
35,9,9
44,8,8
46,5,5
42,9,9
41,7,7
42,7,7
44,12,12
37,4,4
43,9,9
26,5,5
38,9,9
44,6,6
34,7,7
43,8,8
42,8,8
43,10,10
40,4,4
45,9,9
43,10,10
46,5,5
42,8,8
38,8,8
40,8,8
39,8,8
44,8,8
46,6,6
33,6,6
38,8,8
43,6,6
37,8,8
39,9,9
30,8,8
39,8,8
23,3,3
46,7,7
30,8,8
29,4,4
44,11,11
43,8,8
44,7,7
42,8,8
40,5,5
36,6,6
41,5,5
37,8,8
36,9,9
36,6,6
42,9,9
38,5,5
43,11,11
39,7,7
39,10,10
42,9,9
42,7,7
28,9,9
34,3,3
31,9,9
35,7,7
42,9,9
35,9,9
36,8,8
42,10,10
43,9,9
43,5,5
44,9,9
43,8,8
42,10,10
30,6,6
43,10,10
42,11,11
44,5,5
39,9,9
33,7,7
45,7,7
39,10,10
39,9,9
32,6,6
33,8,8
37,8,8
44,7,7
38,8,8
40,11,11
43,7,7
26,4,4
39,10,10
35,6,6
43,9,9
41,11,11
33,7,7
36,10,10
29,5,5
43,9,9
25,3,3
31,6,6
26,4,4
39,7,7
39,10,10
42,8,8
40,4,4
37,7,7
42,9,9
43,8,8
42,9,9
33,7,7
38,8,8
45,7,7
28,10,10
40,7,7
41,7,7
38,7,7
26,3,3
47,6,6
41,10,10
37,8,8
29,4,4
27,7,7
42,10,10
39,7,7
44,7,7
29,5,5
41,9,9
42,6,6
36,9,9
31,6,6
43,8,8
28,5,5
36,4,4
36,7,7
45,6,6
45,9,9
48,5,5
43,9,9
35,8,8
46,8,8
44,9,9
40,7,7
41,7,7
41,10,10
27,4,4
36,7,7
46,7,7
44,10,10
38,8,8
43,6,6
25,5,5
20,3,3
26,3,3
23,4,4
36,8,8
36,7,7
44,5,5
39,8,8
29,4,4
27,7,7
36,5,5
26,6,6
37,9,9
32,9,9
34,6,6
40,10,10
31,6,6
42,8,8
29,6,6
41,9,9
44,12,12
31,7,7
41,10,10
32,9,9
43,8,8
33,9,9
41,8,8
33,6,6
32,7,7
40,6,6
39,5,5
40,9,9
43,9,9
21,4,4
30,7,7
38,8,8
41,8,8
43,5,5
31,5,5
40,9,9
40,9,9
40,7,7
32,5,5
42,6,6
43,7,7
40,11,11
34,8,8
37,8,8
31,8,8
32,5,5
45,4,4
43,8,8
40,7,7
41,8,8
24,4,4
47,6,6
33,7,7
38,11,11
39,8,8
39,10,10
31,9,9
32,11,11
43,7,7
45,7,7
35,8,8
40,8,8
39,12,12
46,6,6
43,5,5
41,8,8
40,9,9
43,4,4
39,9,9
37,8,8
41,9,9
35,9,9
43,10,10
35,5,5
35,11,11
35,7,7
44,7,7
31,7,7
29,8,8
42,6,6
44,7,7
42,9,9
40,6,6
35,8,8
36,7,7
39,11,11
42,5,5
29,8,8
42,8,8
38,11,11
44,9,9
40,9,9
26,6,6
35,7,7
40,7,7
37,7,7
32,6,6
42,7,7
40,8,8
40,4,4
40,8,8
40,6,6
39,5,5
43,6,6
37,8,8
43,6,6
36,7,7
41,7,7
44,8,8
32,8,8
43,9,9
40,8,8
39,9,9
22,6,6
45,9,9
34,7,7
40,8,8
42,6,6
30,7,7
46,8,8
42,6,6
37,7,7
38,7,7
38,10,10
44,8,8
37,7,7
43,9,9
40,7,7
43,8,8
38,10,10
29,9,9
27,3,3
42,9,9
38,10,10
45,8,8
45,9,9
43,7,7
39,6,6
46,7,7
43,9,9
41,9,9
32,8,8
43,10,10
41,9,9
39,7,7
28,6,6
43,9,9
40,7,7
29,4,4
37,8,8
35,5,5
36,7,7
37,9,9
45,10,10
45,8,8
42,8,8
44,9,9
43,10,10
31,5,5
44,8,8
38,8,8
45,7,7
44,11,11
43,8,8
43,9,9
47,7,7
37,11,11
30,4,4
44,5,5
45,10,10
45,7,7
44,9,9
40,6,6
40,9,9
37,9,9
34,8,8
41,9,9
31,4,4
41,9,9
40,9,9
42,5,5
44,8,8
39,7,7
39,9,9
36,5,5
36,9,9
43,7,7
35,4,4
22,4,4
43,8,8
47,6,6
44,8,8
35,8,8
36,10,10
43,7,7
39,9,9
33,4,4
44,9,9
40,8,8
40,11,11
37,10,10
31,4,4
41,7,7
32,8,8
36,7,7
45,9,9
39,7,7
46,8,8
43,9,9
43,6,6
44,8,8
38,8,8
29,8,8
37,6,6
32,6,6
38,5,5
44,8,8
41,8,8
37,6,6
46,9,9
44,10,10
43,11,11
36,9,9
47,10,10
30,10,10
36,11,11
41,8,8
44,10,10
43,10,10
36,7,7
39,7,7
28,7,7
45,8,8
43,11,11
43,10,10
39,8,8
31,9,9
45,8,8
42,6,6
44,8,8
43,9,9
24,5,5
38,4,4
32,9,9
37,9,9
40,12,12
38,6,6
43,6,6
42,9,9
45,8,8
44,8,8
45,9,9
31,7,7
35,10,10
37,7,7
42,6,6
40,8,8
42,11,11
32,4,4
29,7,7
40,12,12
42,7,7
35,6,6
39,11,11
43,8,8
41,9,9
44,11,11
32,10,10
46,5,5
39,7,7
36,8,8
34,8,8
43,6,6
36,9,9
33,5,5
46,8,8
29,4,4
40,7,7
45,7,7
42,7,7
41,8,8
38,7,7
37,8,8
46,8,8
47,7,7
32,9,9
29,8,8
41,8,8
40,10,10
40,6,6
37,7,7
37,7,7
44,8,8
46,8,8
41,11,11
36,7,7
43,10,10
45,8,8
39,6,6
42,11,11
36,7,7
39,7,7
23,3,3
41,7,7
43,9,9
35,7,7
40,7,7
40,5,5
44,9,9
47,7,7
42,6,6
40,13,13
39,9,9
40,8,8
44,9,9
43,8,8
39,5,5
24,6,6
26,3,3
40,11,11
34,6,6
41,9,9
44,10,10
41,10,10
43,6,6
41,8,8
42,11,11
38,10,10
42,9,9
44,6,6
38,7,7
40,4,4
46,4,4
40,10,10
44,7,7
38,8,8
21,4,4
45,9,9
41,6,6
42,4,4
45,10,10
40,7,7
44,8,8
35,9,9
40,5,5
42,7,7
36,10,10
38,8,8
45,10,10
45,7,7
34,10,10
37,8,8
37,10,10
40,5,5
43,8,8
38,3,3
36,7,7
27,4,4
42,11,11
34,7,7
24,4,4
26,8,8
45,8,8
37,7,7
35,7,7
36,10,10
38,8,8
39,9,9
43,9,9
37,9,9
43,12,12
38,10,10
45,9,9
43,7,7
44,9,9
45,5,5
43,9,9
32,9,9
45,9,9
38,8,8
40,7,7
39,8,8
41,7,7
43,10,10
37,4,4
34,8,8
40,5,5
13,2,2
42,11,11
33,10,10
41,7,7
35,7,7
45,8,8
36,5,5
40,5,5
39,9,9
39,7,7
39,8,8
42,11,11
40,9,9
41,8,8
42,11,11
42,10,10
38,7,7
39,5,5
43,8,8
40,6,6
32,3,3
34,6,6
37,7,7
39,7,7
46,8,8
41,11,11
47,8,8
37,7,7
42,7,7
35,7,7
42,7,7
40,9,9
43,8,8
40,9,9
30,3,3
41,10,10
45,9,9
38,5,5
39,7,7
40,9,9
30,7,7
25,5,5
44,7,7
31,7,7
46,8,8
37,9,9
43,9,9
35,8,8
40,8,8
37,10,10
42,8,8
40,7,7
38,10,10
39,8,8
40,9,9
44,7,7
42,11,11
44,10,10
38,8,8
42,11,11
46,7,7
31,8,8
26,6,6
41,9,9
44,8,8
44,9,9
40,10,10
39,10,10
32,6,6
37,9,9
34,9,9
44,8,8
41,11,11
35,7,7
34,9,9
45,8,8
34,7,7
42,5,5
43,8,8
42,10,10
36,10,10
41,9,9
29,7,7
38,7,7
36,10,10
33,4,4
40,8,8
44,10,10
48,7,7
42,7,7
33,8,8
26,4,4
41,9,9
32,4,4
46,8,8
41,7,7
43,9,9
42,9,9
35,10,10
44,4,4
39,9,9
38,8,8
44,8,8
39,10,10
37,7,7
44,8,8
44,7,7
37,9,9
43,6,6
25,4,4
42,10,10
36,5,5
37,4,4
34,6,6
30,7,7
45,7,7
38,9,9
39,9,9
36,7,7
45,8,8
41,10,10
41,6,6
44,8,8
36,6,6
33,7,7
45,8,8
35,4,4
13,2,2
43,9,9
29,9,9
45,7,7
36,9,9
44,8,8
43,7,7
46,7,7
39,6,6
44,5,5
44,7,7
45,6,6
42,10,10
36,6,6
39,8,8
36,7,7
27,4,4
37,9,9
41,12,12
43,8,8
45,8,8
42,9,9
49,5,5
43,7,7
30,4,4
44,9,9
37,7,7
42,6,6
36,9,9
44,9,9
32,4,4
43,11,11
47,7,7
34,7,7
45,5,5
44,10,10
39,10,10
45,8,8
43,7,7
42,10,10
43,9,9
33,11,11
43,8,8
36,8,8
41,7,7
43,9,9
44,7,7
46,6,6
43,10,10
42,10,10
45,7,7
45,9,9
39,7,7
38,7,7
37,6,6
41,6,6
46,9,9
25,5,5
43,11,11
35,9,9
43,9,9
44,10,10
23,4,4
43,7,7
29,7,7
44,8,8
39,5,5
46,6,6
43,8,8
45,9,9
41,7,7
43,8,8
34,9,9
44,7,7
47,7,7
48,5,5
38,9,9
38,11,11
44,7,7
25,5,5
42,10,10
27,4,4
46,5,5
39,8,8
44,8,8
26,7,7
45,5,5
35,8,8
43,9,9
27,6,6
32,5,5
28,4,4
45,8,8
43,9,9
42,9,9
39,10,10
25,5,5
36,8,8
39,10,10
42,8,8
39,7,7
42,8,8
35,8,8
39,9,9
46,6,6
44,10,10
45,5,5
44,10,10
31,7,7
40,6,6
45,7,7
44,8,8
39,5,5
39,11,11
31,4,4
29,5,5
41,7,7
37,8,8
41,10,10
37,9,9
39,8,8
39,7,7
44,7,7
45,7,7
44,9,9
40,9,9
41,5,5
32,8,8
45,10,10
43,10,10
48,7,7
38,7,7
43,9,9
37,7,7
46,6,6
39,8,8
39,8,8
44,6,6
38,7,7
44,9,9
44,9,9
30,6,6
44,10,10
38,6,6
43,9,9
47,6,6
38,8,8
48,7,7
38,5,5
44,10,10
43,6,6
32,8,8
35,7,7
39,9,9
32,10,10
44,9,9
35,6,6
44,10,10
30,9,9
40,5,5
42,10,10
42,11,11
35,5,5
46,9,9
42,7,7
35,9,9
39,10,10
42,9,9
45,9,9
40,4,4
33,6,6
40,7,7
41,9,9
41,6,6
31,9,9
44,7,7
30,4,4
44,7,7
26,4,4
41,9,9
45,7,7
30,4,4
43,6,6
46,8,8
34,10,10
32,9,9
38,6,6
42,7,7
31,9,9
36,7,7
41,9,9
40,7,7
41,7,7
44,8,8
40,8,8
32,8,8
31,6,6
46,6,6
42,10,10
40,9,9
37,4,4
38,7,7
39,7,7
43,8,8
42,5,5
32,7,7
32,8,8
44,8,8
22,3,3
44,6,6
44,9,9
41,11,11
43,5,5
34,5,5
45,6,6
44,9,9
37,7,7
45,10,10
44,7,7
34,9,9
44,8,8
39,9,9
32,8,8
32,5,5
40,10,10
37,6,6
43,9,9
35,9,9
38,7,7
43,8,8
42,9,9
44,6,6
38,10,10
43,10,10
35,10,10
30,7,7
42,9,9
31,5,5
41,5,5
43,9,9
32,5,5
45,5,5
42,10,10
45,9,9
42,11,11
45,10,10
45,6,6
42,9,9
39,7,7
33,7,7
47,7,7
36,8,8
42,7,7
41,8,8
38,7,7
41,7,7
40,6,6
35,8,8
28,6,6
44,8,8
45,10,10
37,10,10
37,7,7
27,3,3
40,12,12
44,8,8
42,9,9
37,8,8
24,7,7
38,8,8
42,8,8
44,7,7
37,7,7
36,8,8
41,4,4
42,8,8
43,10,10
25,8,8
46,9,9
43,11,11
40,8,8
34,7,7
38,9,9
40,7,7
45,8,8
39,8,8
41,7,7
32,6,6
39,9,9
43,7,7
41,7,7
37,9,9
38,6,6
39,9,9
32,7,7
39,7,7
39,9,9
38,4,4
42,8,8
45,6,6
39,5,5
44,11,11
47,6,6
43,10,10
45,8,8
44,11,11
49,5,5
42,8,8
45,6,6
42,11,11
45,5,5
36,8,8
21,5,5
35,5,5
36,4,4
43,8,8
39,8,8
42,4,4
43,7,7
40,11,11
41,9,9
32,6,6
45,8,8
32,5,5
30,9,9
38,9,9
43,9,9
45,8,8
41,8,8
34,7,7
41,10,10
40,11,11
41,7,7
36,9,9
44,8,8
44,11,11
43,8,8
